ae_linear_acc=0.353600
rot_linear_acc=0.387800
mae_linear_acc=0.641300
